  1.00   6.00000000
  2.00   7.00000000
  3.00   8.00000000
  4.00   9.00000000
  5.00  10.00000000
  6.00  11.00000000
  7.00  12.00000000
  8.00  13.00000000
  9.00  14.00000000
 10.00  15.00000000
 11.00  16.00000000
 12.00  17.00000000
 13.00  18.00000000
 14.00  19.00000000
 15.00  20.00000000
 16.00  21.00000000
 17.00  22.00000000
 18.00  23.00000000
 19.00  24.00000000
 20.00  25.00000000
 21.00  26.00000000
 22.00  27.00000000
 23.00  28.00000000
 24.00  29.00000000
 25.00  30.00000000
 26.00  31.00000000
 27.00  32.00000000
 28.00  33.00000000
 29.00  34.00000000
 30.00  35.00000000
 31.00  36.00000000
 32.00  37.00000000
 33.00  38.00000000
 34.00  39.00000000
 35.00  40.00000000
 36.00  41.00000000
 37.00  42.00000000
 38.00  43.00000000
 39.00  44.00000000
 40.00  45.00000000
 41.00  46.00000000
 42.00  47.00000000
 43.00  48.00000000
 44.00  49.00000000
 45.00  50.00000000
 46.00  51.00000000
 47.00  52.00000000
 48.00  53.00000000
 49.00  54.00000000
 50.00  55.00000000
 51.00  56.00000000
 52.00  57.00000000
 53.00  58.00000000
 54.00  59.00000000
 55.00  60.00000000
 56.00  61.00000000
 57.00  62.00000000
 58.00  63.00000000
 59.00  64.00000000
 60.00  65.00000000
 61.00  66.00000000
 62.00  67.00000000
 63.00  68.00000000
 64.00  69.00000000
 65.00  70.00000000
 66.00  71.00000000
 67.00  72.00000000
 68.00  73.00000000
 69.00  74.00000000
 70.00  75.00000000
 71.00  76.00000000
 72.00  77.00000000
 73.00  78.00000000
 74.00  79.00000000
 75.00  80.00000000
 76.00  81.00000000
 77.00  82.00000000
 78.00  83.00000000
 79.00  84.00000000
 80.00  85.00000000
 81.00  86.00000000
 82.00  87.00000000
 83.00  88.00000000
 84.00  89.00000000
 85.00  90.00000000
 86.00  91.00000000
 87.00  92.00000000
 88.00  93.00000000
 89.00  94.00000000
 90.00  95.00000000
 91.00  96.00000000
 92.00  97.00000000
 93.00  98.00000000
 94.00  99.00000000
 95.00 100.00000000
 96.00 101.00000000
 97.00 102.00000000
 98.00 103.00000000
 99.00 104.00000000
100.00 105.00000000
101.00 106.00000000
102.00 107.00000000
103.00 108.00000000
104.00 109.00000000
105.00 110.00000000
106.00 111.00000000
107.00 112.00000000
108.00 113.00000000
109.00 114.00000000
110.00 115.00000000
111.00 116.00000000
112.00 117.00000000
113.00 118.00000000
114.00 119.00000000
115.00 120.00000000
116.00 121.00000000
117.00 122.00000000
2021.00   1.00000000
 21.00  15.00000000
 54.00  59.96200000
  6.00 2021.00   1.00000000
 21.00  15.00000000
 55.00   0.46400000
  7.00 2021.00   1.00000000
 21.00  15.00000000
 55.00   0.96500000
  8.00 2021.00   1.00000000
 21.00  15.00000000
 55.00  57.25200000
  6.00 2021.00   1.00000000
 21.00  15.00000000
 55.00  57.75300000
  7.00 2021.00   1.00000000
 21.00  15.00000000
 55.00  58.25400000
  8.00 2021.00   1.00000000
 21.00  15.00000000
 55.00  58.75500000
  9.00 2021.00   1.00000000
 21.00  15.00000000
 55.00  59.25600000
 10.00 2021.00   1.00000000
 21.00  15.00000000
 55.00  59.75700000
 11.00 2021.00   1.00000000
 21.00  15.00000000
 56.00   0.25900000
 12.00 2021.00   1.00000000
 21.00  15.00000000
 56.00   0.76000000
 13.00 2021.00   1.00000000
 21.00  15.00000000
 56.00   1.26000000
 14.00 2021.00   1.00000000
 21.00  15.00000000
 56.00   1.76100000
 15.00 2021.00   1.00000000
 21.00  15.00000000
 56.00   2.26200000
 16.00 2021.00   1.00000000
 21.00  15.00000000
 56.00   2.76300000
 17.00 2021.00   1.00000000
 21.00  15.00000000
 56.00   3.26400000
 18.00 2021.00   1.00000000
 21.00  15.00000000
 56.00   3.76500000
 19.00 2021.00   1.00000000
 21.00  15.00000000
 56.00   4.26500000
 20.00 